#a province can belong to several regions...
#÷›
wangji = { 66 67 68 70 71 72 73 74 75 76 77 78 79 80 124 125 126 127 128 129 130 131 132 133 134 178 179 180 186 187 192 193 194 195 197 206 209 210 211 191 196 198 199 200 201 202 203 204 205 207 208 212 213 214 215 216 217 218 348 349 350 351 352 353 354 355 364 366 367 372 380 872 877 878 879 880 1019 1031 1032 1034 1036 1037 1038 1039 1040 1041 1042 1043 1044 1045 1046 1047 1048 1049 1050 1051 1052 1053 1054 1055 1056 1057 1058 1059 1060 1061 1062 1063 1064 1065 1066 1067 1068 1085 1086 1087 1088 1089 1090 1101 1195 1196 1197 1198 1199 1200 1201 1202 1203 1204 1247 1248 1249 1250 1251 1252 1257 1258 1261 1266 1267 1268 1270 1271 }
youzhou = { 1 2 3 4 5 6 7 8 9 10 11 12 13 14 15 16 17 18 19 20 21 22 23 24 25 26 27 28 29 30 31 32 33 34 35 36 37 38 39 832 833 834 835 836 837 838 839 840 841 842 843 844 1121 1122 1123 1124 1125 1126 1127 1128 1129 1130 1131 1132 1133 1134 1135 1136 1137 1138 1139 1140 1141 1142 1143 1144 1145 1146 1147 1148 1149 1150 1151 1152 1153 1154 1155 1156 1157 1158 1159 }
bingzhou = { 40 41 42 43 44 45 46 51 47 48 49 50 52 53 54 55 56 57 58 59 60 61 62 63 64 65 69 81 82 83 84 85 86 87 88 89 90 1091 1092 1093 1094 1095 1096 1097 1098 1099 1100 1102 1103 1104 1105  1106 1107 1108 1109 1253 1254 1255 1256 1280 1282 1283 1284 1285 1286 1287}
jizhou = { 91 92 93 94 95 96 97 98 99 100 101 102 103 104 105 106 107 108 109 110 111 122 274 112 113 114 115 116 117 118 119 120 121 123 873 874 875 876 947 948 949 950 951 952 953 954 955 956 957 958 959 960 961 962 963 964 965 966 980 981 1263 }
shuofang = { 135 136 137 138 139 140 141 142 143 144 145 146 147 148 149 150 151 152 153 154 155 156 157 158 159 160 161 162 163 164 167 169 189 1259 1260 1272 1273 1274 1275 1276 1277 1278 1279 1281}
qingzhou = { 254 255 256 257 258 260 261 263 264 268 269 270 271 275 276 259 265 266 267 272 277 278 280 279 281 282 283 284 286 287 288 289 290 291 292 886 888 889 890 891 934 935 936 937 938 938 939 940 941 942 943 944 945 946 982 983 984 1288 1289 }
liangzhou = { 165 166 168 170 171 172 173 174 175 176 181 182 183 184 188 190 574 575 576 577 578 579 580 581 582 583 584 585 586 1114 1115 1175 }
yizhou = { 177 185 219 221 222 223 224 225 226 227 228 229 220 230 231 232 233 234 235 236 237 238 239 240 241 242 243 244 245 246 247 248 249 250 251 253 547 548 549 550 551 552 553 554 555 556 557 558 559 560 561 562 563 564 565 566 567 568 569 570 855 1116 1117 1118 1119 1120 1176 1177 1178 1179 1180 1181 1182 1183 1184 1185 1186 1187 1188 1189 1190 1191 1192 1193 1194 1262 1264 1265 1290 }
yanzhou = { 262 273 293 295 296 297 299 303 304 307 309 310 315 318 322 302 311 313 320 359 360 361 362 363 312 314 321 323 324 325 326 335 345 346 347 358 856 857 858 859 860 861 862 863 864 865 866 867 868 869 870 871 881 882 883 884 885 887 892 893 894 895 896 897 898 899 900 901 902 903 904 905 906 907 911 912 913 916 917 918 923 924 925 926 927 928 929 930 931 932 933 1033 }
yuzhou = { 327 328 332 338 339 340 341 342 344 385 388 389 391 392 393 394 395 396 397 399 400 401 403 404 356 357 365 368 369 370 373 374 376 377 378 919 920 921 922 994 996 997 998 999 1000 1001 1002 1003 1004 1005 1006 1007 1008 1009 1010 1011 1012 1013 1014 1015 1016 1017 1018 1020 1021 1022 1023 1024 1025 1026 1027 1028 1029 1030 1035  }
xuzhou = { 285 294 298 300 306 308 316 317 333 301 305 319 329 330 331 334 336 337 343 405 406 408 409 410 421 908 909 910 914 915 985 986 987 988 989 990 991 992 993 995 }
yangzhou = { 407 411 414 416 417 420 423 424 425 427 428 444 445 446 447 448 455 456 457 429 430 431 432 433 434 435 436 437 438 439 440 441 442 443 449 450 451 452 453 454 498 500 501 502 506 507 510 511 513 514 515 516 517 518 519 520 521 522 523 524 1160 1161 1162 1163 1164 1165 1166 1167 1168 1169 1170 1171 1172 1173 1174 1211 1212 1213 1214 1215 1216 1217 1218  }
jingzhou = { 371 375 381 382 383 384 387 390 398 413 459 460 461 468 469 472 458 462 463 464 465 466 467 470 471 473 474 475 477 480 481 482 484 485 386 402 412 415 418 419 422 426 476 478 479 486 489 492 493 494 495 496 497 499 504 505 508 509 512 534 537 252 483 487 488 490 491 503 1069 1070 1071 1072 1073 1074 1075 1076 1077 1078 1079 1080 1081 1082 1083 1084 1110 1111 1112 1113 1205 1206 1207 1208 1209 1210 1269 1291 1292 }
jiaozhou = { 527 528 530 531 535 536 529 532 533 538 539 540 543 544 545 546 571 572 573 541 542 }
#Ņ§
liaodong = { 1 2 3 4 5 6 7 1121 1122 1123 1124 1125 1126 1127 1128 1129 1130 1131 1135  }
liaoxi = { 8 9 10 11 12 13 1132 1133 1134 1159 }
youbeiping = { 14 15 16 17 18 1157 1158 }
yuyang = { 19 20 21 22 23 24 25 }
shanggu = { 26 27 28 29 30 31 }
guangyang = { 32 33 34 35 36 37 38 39 }
daijun = { 40 41 42 43 44 45 46 51 }
yanmen = { 47 48 49 50 52 53 }
taiyuan = { 54 55 56 57 58 59 60 61 62 63 64 65 1091 1092 1093 1094 1095 1096 1097 1103 1104 1105 1280 1282 1283 1284 1285 1286 1287}
hedong = { 66 67 68 70 71 72 73 74 75 76 77 78 79 80 1046 1047 1048 1049 1050 1051 1052 1053 1054 1055 1056 1057 1058 1059 1060 1061 1062 1063 1064 1065 1066 1067 1068 1101 1257 1258 1270 1271 }
shangdang = { 69 81 82 83 84 85 86 87 88 89 90 1098 1099 1100 1102 1106 1107 1108 1109 1253 1254 1255 1256 }
hengshan1 = { 91 92 93 94 95 96 97 98 99 100 101 954 955 956 957 958 959 960 961 962 981 }
julu = { 102 103 104 105 106 107 108 109 110 111 122 274 947 948 949 950 951 952 963 964 965 966 }
handan = { 112 113 114 115 116 117 118 119 120 121 123 873 874 875 876 953 980 1263 }
henei = { 124 125 126 127 128 129 130 131 132 133 134 872 877 878 879 880 1036 1037 1038 1039 1040 }
yunzhong = { 135 136 137 138 139 }
jiuyuan = { 140 141 142 143 144 145 }
beidijun = { 155 156 157 158 159 160 161 162 163 164 167 169 189 1272 1273 1274 1275 1276 1277}
shangjun = { 146 147 148 149 150 151 152 153 154 1259 1260 1278 1279 1281}
longxi = { 165 166 168 170 171 172 173 174 175 176 181 182 183 184 188 190 1114 1115 1175 }
fufeng = { 178 179 180 186 187 192 193 194 195 197 206 209 210 211 1085 1086 1087 1088 1089 1090 }
fengyi = { 191 196 198 199 200 201 202 203 204 205 207 208 212 213 214 215 216 217 218 1195 1196 1197 1198 1199 1200 1201 1202 1203 1204 1261 1266 1267 1268 }
hanzhong = { 177 185 219 221 222 223 224 225 226 227 228 229 855 1116 1117 1118 1119 1120 1177 1180 1264 1265 1290 }
shujun = { 220 230 231 232 233 234 235 236 237 238 239 240 241 242 243 1176 1178 1179 1181 1182 1183 1184 1185 1186 1188 1192 1193 1194 }
bajun = { 244 245 246 247 248 249 250 251 253 1187 1189 1190 1191 1262 }
jibei = { 254 255 256 257 258 260 261 263 264 268 269 270 271 275 276 886 888 889 890 891 937 938 940 941 942 943 944 945 946 }
linzi = { 259 265 266 267 272 277 278 280 934 935 936 939 982 983  }
jiaodong = { 279 281 282 283 284 286 287 288 289 290 291 292 984 1288 1289 }
xuejun = { 293 295 296 297 299 303 304 307 309 310 315 318 322 884 885 887 892 893 897 898 899 900 901  903 904 905 906 907 911 912 913 }
langya = { 285 294 298 300 306 308 316 317 333 914 915 985 986 987 988 989 990 }
dongjun = { 262 273 302 311 313 320 359 360 361 362 363 856 857 858 862 863 864 865 866 867 868 869 870 871 881 882 883 902 916 917 1033  }
sishui = { 327 328 332 338 339 340 341 342 344 919 920 921 922 994 996 1000 1016 1017 1018 }
donghai = { 301 305 319 329 330 331 334 336 337 343 908 909 910 991 992 995 }
linhuai = { 405 406 408 409 410 421 993 }
henan = { 348 349 350 351 352 353 354 355 364 366 367 372 380 1019 1031 1032 1034 1041 1042 1043 1044 1045 1247 1248 1249 1250 1251 1252}
yingchuan = { 356 357 365 368 369 370 373 374 376 377 378 1020 1021 1022 1023 1024 1025 1026 1027 1028 1029 1030 1035 }
nanyang = { 371 375 381 382 383 384 387 390 398 459 413 460 461 468 469 472 1069 1070 1071 1072 1073 1074 1075 1076 1077 1078 1079 1269 }
dangjun = { 312 314 321 323 324 325 326 335 345 346 347 358 859 860 861 894 895 896 918 923 924 925 926 927 928 929 930 931 932 933 }
chenjun = { 385 388 389 391 392 393 394 395 396 397 399 400 401 403 404 997 998 999 1001 1002 1003 1004 1005 1006 1007 1008 1009 1010 1011 1012 1013 1014 1015 }
hengshan2 = { 386 402 412 415 418 419 422 426 476 478 479 1205 1206 1207 1208 1209 1210 }
jiujiang = { 407 411 414 416 417 420 423 424 425 427 1211 1212 1213 1214 1215 1216 1217 1218 }
danyang = { 428 444 445 446 447 448 455 456 457 1160 1161 1162 1163 1165 1166 }
kuaiji = { 429 430 431 432 433 434 435 436 437 438 439 440 441 442 443 449 450 451 452 453 454 1164 1167 1168 1169 1170 1171 1172 1173 1174  }
nanjun = { 458 462 463 464 465 466 467 470 471 473 474 475 477 480 481 482 484 485 1080 1081 1082 1083 1084 1110 1111 1112 1113 1292 }
changsha = { 486 489 492 493 494 495 496 497 504 505 508 509 534 537 }
lujiang = { 498 499 500 501 502 506 507 510 511 512 513 514 }
qianzhong = { 252 483 487 488 490 491 503 1291 }
minzhong = { 515 516 517 518 519 520 521 522 523 524 }
nanhai = { 527 528 530 531 535 536 }
guilin = { 529 532 533 538 539 540 543 544 545 546 }
jiaozhi = { 571 572 573 }
chaoxian1 = { 832 833 834 835 836 837 838 839 840 841 842 843 844 1136 1137 1138 1139 1140 1141 1142 1143 1144 1145 1146 1147 1148 1149 1150 1151 1152 1153 1154 1155 1156 }
beixiyu ={ 727 763 764 765 766 767 768 769 773 1228 1229 1230 1231 1232 1233 1234 1235 1236 }
nanxiyu ={ 592 724 726 758 761 762 770 771 772 1219 1220 1221 1222 1223 1224 1225 1226 1227}
#Őō ‚Ķō«Ý
hexi = { 202 203 216 200 201 151 1195 1196 1197 1198 1199 1259 1260 1261 }
donghu ={ 793 794 795 796 797 798 750 751 }
xiongnu ={ 774 775 776 777 778 779 780 781 782 783 784 785 786 787 788 789 791 790 792}
yuezhi ={ 578 579 580 581 582 583 584 585 586 }
#Ľń¬ý
huangman = { 154 155 159 160 161 162 163 169 525 526 541 542 547 548 549 550 551 552 558 559 560 561 562 563 564 565 566 567 568 569 570 502 513 514 517 518 519 520 521 522 523 524 527 528 529 530 531 532 533 534 535 536 537 538 539 540 543 544 545 546 571 572 573 574 575 576 577 578 579 580 581 582 583 584 585 586  792 793 794 795 796 797 798 750 751 774 775 776 777 778 779 780 781 782 783 784 785 786 787 788 789 791 790 1274 1275 1276 1277}